9803.9
9803.9
9803.9
9803.9
9803.9
9803.9
9803.9
9803.9
9803.9
9803.9
9803.9
9803.9
9803.9
9803.9
9803.9
9803.9
9803.9
9803.9
9803.9
9803.9
9803.9
9803.9
9803.9
9803.9
9803.9
9803.9
9803.9
9803.9
9803.9
9803.9
9803.9
9803.9
9803.9
9803.9
9803.9
9803.9
9803.9
9803.9
9803.9
9803.9
9803.9
9803.9
9803.9
9803.9
9803.9
9803.9
9803.9
9803.9
9803.9
9803.9
9803.9
9803.9
9803.9
9803.9
9803.9
9803.9
9803.9
9803.9
9803.9
9803.9
9803.9
9803.9
9803.9
9803.9
9803.9
9803.9
9803.9
9803.9
9803.9
9803.9
9803.9
9803.9
9803.9
9803.9
9803.9
9803.9
9803.9
9803.9
9803.9
9803.9
9803.9
9803.9
9803.9
9803.9
9803.9
9803.9
9803.9
9803.9
9803.9
9803.9
9803.9
9803.9
9803.9
9803.9
9803.9
9803.9
9803.9
9803.9
9803.9
9823.5
9843.1
9862.7
9882.4
9902
9921.6
9941.2
9960.8
9980.4
10000
10020
10039
10059
10078
10098
10118
10137
10157
10176
10196
10216
10235
10255
10275
10294
10314
10333
10353
10373
10392
10412
10431
10451
10471
10490
10510
10529
10549
10569
10588
10608
10627
10647
10667
10686
10706
10725
10745
10765
10784
10804
10824
10843
10863
10882
10902
10922
10941
10961
10980
11000
11020
11039
11059
11078
11098
11118
11137
11157
11176
11196
11216
11235
11255
11275
11294
11314
11333
11353
11373
11392
11412
11431
11451
11471
11490
11510
11529
11549
11569
11588
11608
11627
11647
11667
11686
11706
11725
11745
11765
11784
11784
11784
11784
11784
11784
11784
11784
11784
11784
11784
11784
11784
11784
11784
11784
11784
11784
11784
11784
11784
11784
11784
11784
11784
11784
11784
11784
11784
11784
11784
11784
11784
11784
11784
11784
11784
11784
11784
11784
11784
11784
11784
11784
11784
11784
11784
11784
11784
11784
11784
11784
11784
11784
11784
11784
11784
11784
11784
11784
11784
11784
11784
11784
11784
11784
11784
11784
11784
11784
11784
11784
11784
11784
11784
11784
11784
11784
11784
11784
11784
11784
11784
11784
11784
11784
11784
11784
11784
11784
11784
11784
11784
11784
11784
11784
11784
11784
11784
11784
11784
