1369.3
1369.7
1370.2
1370.6
1371
1371.5
1371.9
1372.3
1372.7
1373.1
1373.5
1373.9
1374.3
1374.7
1375.1
1375.5
1375.9
1376.3
1376.7
1377.1
1377.5
1377.9
1378.2
1378.6
1379
1379.4
1379.7
1380.1
1380.4
1380.8
1381.2
1381.5
1381.9
1382.2
1382.6
1382.9
1383.3
1383.6
1383.9
1384.3
1384.7
1385.2
1385.8
1386.5
1387.5
1388.6
1390
1391.7
1393.6
1395.8
1398.3
1401.1
1404.2
1407.7
1411.5
1415.6
1420
1424.8
1429.9
1435.4
1441.2
1447.3
1453.8
1460.6
1467.7
1475.2
1482.9
1491
1499.3
1508
1517
1526.2
1535.8
1545.6
1555.7
1566
1576.6
1587.5
1598.6
1609.9
1621.5
1633.3
1645.3
1657.6
1670
1682.7
1695.5
1708.6
1721.8
1735.2
1748.8
1762.6
1776.5
1790.6
1804.8
1819.2
1833.8
1848.5
1863.3
1878.3
1893.4
1908.6
1924
1939.4
1955
1970.7
1986.5
2002.5
2018.5
2034.6
2050.8
2067.2
2083.6
2100.1
2116.7
2133.4
2150.1
2167
2183.9
2200.9
2218
2235.1
2252.3
2269.6
2287
2304.4
2321.9
2339.4
2357
2374.7
2392.4
2410.2
2428.1
2446
2463.9
2481.9
2500
2518.1
2536.3
2554.5
2572.7
2591
2609.4
2627.8
2646.2
2664.7
2683.2
2701.8
2720.4
2739
2757.7
2776.4
2795.2
2814
2832.8
2851.7
2870.6
2889.6
2908.6
2927.6
2946.6
2965.7
2984.8
3004
3023.1
3042.4
3061.6
3080.9
3100.2
3119.5
3138.8
3158.2
3177.6
3197.1
3216.5
3236
3255.6
3275.1
3294.7
3314.3
3333.9
3353.5
3373.2
3392.8
3412.5
3432.3
3452
3471.8
3491.6
3511.4
3531.2
3551
3570.9
3590.8
3610.7
3630.6
3650.5
3670.4
3690.4
3710.4
3730.3
3750.3
3770.4
3790.4
3810.4
3830.5
3850.5
3870.6
3890.6
3910.7
3930.8
3950.9
3971
3991.1
4011.3
4031.4
4051.5
4071.7
4091.8
4111.9
4132.1
4152.2
4172.4
4192.5
4212.7
4232.8
4253
4273.1
4293.3
4313.4
4333.6
4353.7
4373.9
4394
4414.1
4434.2
4454.3
4474.4
4494.5
4514.6
4534.7
4554.8
4574.8
4594.9
4614.9
4634.9
4655
4674.9
4694.9
4714.9
4734.9
4754.8
4774.7
4794.6
4814.5
4834.4
4854.2
4874
4893.8
4913.6
4933.4
4953.1
4972.8
4992.5
5012.2
5031.8
5051.5
5071
5090.6
5110.1
5129.6
5149.1
5168.6
5188
5207.4
5226.7
5246
5265.3
5284.6
5303.8
5323
5342.1
5361.2
5380.3
5399.3
5418.3
5437.3
5456.2
5475.1
5493.9
5512.7
5531.5
5550.2
5568.8
5587.5
5606
5624.6
5643
5661.5
5679.9
5698.2
5716.5
5734.7
5752.9
5771.1
5789.2
5807.2
5825.2
5843.1
5861
5878.8
5896.6
5914.3
5931.9
5949.5
5967.1
5984.5
6002
6019.3
6036.6
6053.9
6071
6088.2
6105.2
6122.2
6139.1
6156
6172.8
6189.5
6206.2
6222.8
6239.3
6255.8
6272.2
6288.5
6304.8
6320.9
6337.1
6353.1
6369.1
6385
6400.8
6416.6
6432.2
6447.8
6463.4
6478.8
6494.2
6509.5
6524.7
6539.9
6555
6570
6584.9
6599.7
6614.5
6629.1
6643.7
6658.2
6672.7
6687
6701.3
6715.5
6729.6
6743.6
6757.5
6771.3
6785.1
6798.8
6812.4
6825.9
6839.3
6852.6
6865.8
6879
6892
6905
6917.9
6930.7
6943.4
6956
6968.5
6980.9
6993.3
7005.5
7017.7
7029.7
7041.7
7053.6
7065.3
7077
7088.6
7100.1
7111.5
7122.8
7134
7145.1
7156.1
7167.1
7177.9
7188.6
7199.2
7209.8
7220.2
7230.5
7240.8
7250.9
7260.9
7270.9
7280.7
7290.5
7300.1
7309.6
7319.1
7328.4
7337.7
7346.8
7355.8
7364.8
7373.6
7382.3
7391
7399.5
7407.9
7416.3
7424.5
7432.6
7440.6
7448.5
7456.4
7464.1
7471.7
7479.2
7486.6
7493.9
7501.1
7508.2
7515.1
7522
7528.8
7535.5
7542.1
7548.5
7554.9
7561.2
7567.3
7573.4
7579.3
7585.2
7590.9
7596.5
7602.1
7607.5
7612.8
7618
7623.2
7628.2
7633.1
7637.9
7642.6
7647.2
7651.7
7656
7660.3
7664.5
7668.6
7672.6
7676.4
7680.2
7683.9
7687.4
7690.9
7694.2
7697.5
7700.6
7703.7
7706.6
7709.4
7712.2
7714.8
7717.3
7719.8
7722.1
7724.3
7726.4
7728.5
7730.4
7732.2
7733.9
7735.5
7737.1
7738.5
7739.8
7741
7742.1
7743.1
7744.1
7744.9
7745.6
7746.2
7746.7
7747.2
7747.5
7747.7
7747.8
7747.9
7747.8
7747.6
7747.4
7747
7746.6
7746
7745.4
7744.6
7743.8
7742.9
7741.9
7740.7
7739.5
7738.2
7736.8
7735.3
7733.7
7732.1
7730.3
7728.4
7726.5
7724.4
7722.3
7720.1
7717.7
7715.3
7712.8
7710.2
7707.6
7704.8
7701.9
7699
7696
7692.8
7689.6
7686.4
7683
7679.5
7676
7672.3
7668.6
7664.8
7660.9
7656.9
7652.9
7648.7
7644.5
7640.2
7635.8
7631.4
7626.8
7622.2
7617.5
7612.7
7607.8
7602.9
7597.9
7592.8
7587.6
7582.3
7577
7571.6
7566.1
7560.5
7554.9
7549.1
7543.4
7537.5
7531.6
7525.5
7519.5
7513.3
7507.1
7500.8
7494.4
7488
7481.4
7474.9
7468.2
7461.5
7454.7
7447.8
7440.9
7433.9
7426.9
7419.7
7412.5
7405.3
7398
7390.6
7383.1
7375.6
7368
7360.4
7352.7
7344.9
7337.1
7329.2
7321.3
7313.3
7305.2
7297.1
7288.9
7280.6
7272.3
7264
7255.6
7247.1
7238.6
7230
7221.4
7212.7
7203.9
7195.1
7186.3
7177.4
7168.4
7159.4
7150.3
7141.2
7132.1
7122.8
7113.6
7104.3
7094.9
7085.5
7076
7066.5
7057
7047.4
7037.8
7028.1
7018.3
7008.6
6998.7
6988.9
6979
6969
6959
6949
6938.9
6928.8
6918.7
6908.5
6898.2
6887.9
6877.6
6867.3
6856.9
6846.5
6836
6825.5
6815
6804.4
6793.8
6783.1
6772.5
6761.8
6751
6740.2
6729.4
6718.6
6707.7
6696.8
6685.9
6674.9
6663.9
6652.9
6641.9
6630.8
6619.7
6608.5
6597.4
6586.2
6575
6563.7
6552.5
6541.2
6529.9
6518.5
6507.1
6495.8
6484.3
6472.9
6461.4
6450
6438.5
6426.9
6415.4
6403.8
6392.3
6380.7
6369
6357.4
6345.7
6334.1
6322.4
6310.7
6298.9
6287.2
6275.4
6263.6
6251.9
6240
6228.2
6216.4
6204.5
6192.7
6180.8
6168.9
6157
6145.1
6133.2
6121.3
6109.3
6097.4
6085.4
6073.4
6061.4
6049.4
6037.4
6025.4
6013.4
6001.4
5989.3
5977.3
5965.3
5953.2
5941.1
5929.1
5917
5904.9
5892.8
5880.8
5868.7
5856.6
5844.5
5832.4
5820.3
5808.2
5796.1
5784
5771.9
5759.8
5747.6
5735.5
5723.4
5711.3
5699.2
5687.1
5675
5662.9
5650.8
5638.7
5626.5
5614.4
5602.4
5590.3
5578.2
5566.1
5554
5541.9
5529.8
5517.8
5505.7
5493.6
5481.6
5469.5
5457.5
5445.4
5433.4
5421.4
5409.4
5397.4
5385.4
5373.4
5361.4
5349.4
5337.4
5325.5
5313.5
5301.6
5289.6
5277.7
5265.8
5253.9
5242
5230.1
5218.2
5206.3
5194.5
5182.7
5170.8
5159
5147.2
5135.4
5123.6
5111.9
5100.1
5088.4
5076.6
5064.9
5053.2
5041.5
5029.8
5018.2
5006.5
4994.9
4983.3
4971.7
4960.1
4948.5
4937
4925.4
4913.9
4902.4
4890.9
4879.4
4867.9
4856.5
4845.1
4833.7
4822.3
4810.9
4799.5
4788.2
4776.9
4765.6
4754.3
4743
4731.8
4720.5
4709.3
4698.1
4686.9
4675.8
4664.7
4653.5
4642.4
4631.4
4620.3
4609.3
4598.2
4587.2
4576.3
4565.3
4554.4
4543.4
4532.5
4521.7
4510.8
4500
4489.2
4478.4
4467.6
4456.9
4446.1
4435.4
4424.7
4414.1
4403.4
4392.8
4382.2
4371.6
4361.1
4350.6
4340.1
4329.6
4319.1
4308.7
4298.3
4287.9
4277.5
4267.1
4256.8
4246.5
4236.2
4226
4215.8
4205.6
4195.4
4185.2
4175.1
4165
4154.9
4144.8
4134.8
4124.8
4114.8
4104.8
4094.9
4084.9
4075.1
4065.2
4055.3
4045.5
4035.7
4026
4016.2
4006.5
3996.8
3987.1
3977.5
3967.9
3958.3
3948.7
3939.1
3929.6
3920.1
3910.6
3901.2
3891.8
3882.4
3873
3863.7
3854.3
3845.1
3835.8
3826.5
3817.3
3808.1
3799
3789.8
3780.7
3771.6
3762.5
3753.5
3744.5
3735.5
3726.5
3717.6
3708.7
3699.8
3690.9
3682.1
3673.3
3664.5
3655.8
3647
3638.3
3629.6
3621
3612.4
3603.8
3595.2
3586.6
3578.1
3569.6
3561.1
3552.7
3544.3
3535.9
3527.5
3519.1
3510.8
3502.5
3494.3
3486
3477.8
3469.6
3461.4
3453.3
3445.2
3437.1
3429
3421
3413
3405
3397
3389.1
3381.2
3373.3
3365.4
3357.6
3349.8
3342
3334.3
3326.5
3318.8
3311.1
3303.5
3295.9
3288.2
3280.7
3273.1
3265.6
3258.1
3250.6
3243.1
3235.7
3228.3
3220.9
3213.6
3206.2
3198.9
3191.7
3184.4
3177.2
3170
3162.8
3155.6
3148.5
3141.4
3134.3
3127.3
3120.2
3113.2
3106.2
3099.3
3092.3
3085.4
3078.5
3071.7
3064.8
3058
3051.2
3044.5
3037.7
3031
3024.3
3017.6
3011
3004.4
2997.8
2991.2
2984.6
2978.1
2971.6
2965.1
2958.7
2952.2
2945.8
2939.4
2933.1
2926.7
2920.4
2914.1
2907.9
2901.6
2895.4
2889.2
2883
2876.8
2870.7
2864.6
2858.5
2852.5
2846.4
2840.4
2834.4
2828.4
2822.5
2816.5
2810.6
2804.7
2798.9
2793
2787.2
2781.4
2775.7
2769.9
2764.2
2758.5
2752.8
2747.1
2741.5
2735.8
2730.2
2724.7
2719.1
2713.6
2708.1
2702.6
2697.1
2691.6
2686.2
2680.8
2675.4
2670.1
2664.7
2659.4
2654.1
2648.8
2643.5
2638.3
2633.1
2627.9
2622.7
2617.5
2612.4
2607.3
2602.2
2597.1
2592
2587
2582
2577
2572
2567
2562.1
2557.2
2552.3
2547.4
2542.5
2537.7
2532.9
2528.1
2523.3
2518.5
2513.8
2509.1
2504.3
2499.7
2495
2490.3
2485.7
2481.1
2476.5
2471.9
2467.4
2462.8
2458.3
2453.8
2449.3
2444.9
2440.4
2436
2431.6
2427.2
2422.8
2418.5
2414.1
2409.8
2405.5
2401.2
2397
2392.7
2388.5
2384.3
2380.1
2375.9
2371.7
2367.6
2363.5
2359.3
2355.3
2351.2
2347.1
2343.1
2339.1
2335
2331.1
2327.1
2323.1
2319.2
2315.3
2311.3
2307.4
2303.6
2299.7
2295.9
2292
2288.2
2284.4
2280.7
2276.9
2273.1
2269.4
2265.7
2262
2258.3
2254.6
2251
2247.4
2243.7
2240.1
2236.5
2233
2229.4
2225.9
2222.3
2218.8
2215.3
2211.8
2208.4
2204.9
2201.5
2198
2194.6
2191.2
2187.8
2184.5
2181.1
2177.8
2174.5
2171.1
2167.8
2164.6
2161.3
2158
2154.8
2151.6
2148.4
2145.2
2142
2138.8
2135.7
2132.5
2129.4
2126.3
2123.2
2120.1
2117
2113.9
2110.9
2107.9
2104.8
2101.8
2098.8
2095.8
2092.9
2089.9
2087
2084
2081.1
2078.2
2075.3
2072.4
2069.6
2066.7
2063.9
2061
2058.2
2055.4
2052.6
2049.8
2047.1
2044.3
2041.6
2038.8
2036.1
2033.4
2030.7
2028
2025.4
2022.7
2020
2017.4
2014.8
2012.2
2009.6
2007
2004.4
2001.8
1999.3
1996.7
1994.2
1991.7
1989.2
1986.7
1984.2
1981.7
1979.2
1976.8
1974.3
1971.9
1969.4
1967
1964.6
1962.2
1959.9
1957.5
1955.1
1952.8
1950.4
1948.1
1945.8
1943.5
1941.2
1938.9
1936.6
1934.3
1932.1
1929.8
1927.6
1925.4
1923.2
1920.9
1918.7
1916.6
1914.4
1912.2
1910.1
1907.9
1905.8
1903.6
1901.5
1899.4
1897.3
1895.2
1893.1
1891.1
1889
1886.9
1884.9
1882.9
1880.8
1878.8
1876.8
1874.8
1872.8
1870.8
1868.9
1866.9
1864.9
1863
1861
1859.1
1857.2
1855.3
1853.4
1851.5
1849.6
1847.7
1845.9
1844
1842.1
1840.3
1838.5
1836.6
1834.8
1833
1831.2
1829.4
1827.6
1825.8
1824.1
1822.3
1820.5
1818.8
1817.1
1815.3
1813.6
1811.9
1810.2
1808.5
1806.8
1805.1
1803.4
1801.8
1800.1
1798.4
1796.8
1795.2
1793.5
1791.9
1790.3
1788.7
1787.1
1785.5
1783.9
1782.3
1780.7
1779.2
1777.6
1776.1
1774.5
1773
1771.4
1769.9
1768.4
1766.9
1765.4
1763.9
1762.4
1760.9
1759.4
1758
1756.5
1755
1753.6
1752.2
1750.7
1749.3
1747.9
1746.4
1745
1743.6
1742.2
1740.8
1739.5
1738.1
1736.7
1735.3
1734
1732.6
1731.3
1729.9
1728.6
1727.3
1725.9
1724.6
1723.3
1722
1720.7
1719.4
1718.1
1716.8
1715.6
1714.3
1713
1711.8
1710.5
1709.3
1708
1706.8
1705.6
1704.3
1703.1
1701.9
1700.7
1699.5
1698.3
1697.1
1695.9
1694.7
1693.6
1692.4
1691.2
1690.1
1688.9
1687.8
1686.6
1685.5
1684.3
1683.2
1682.1
1681
1679.9
1678.8
1677.7
1676.6
1675.5
1674.4
1673.3
1672.2
1671.1
1670.1
1669
1667.9
1666.9
1665.8
1664.8
1663.8
1662.7
1661.7
1660.7
1659.7
1658.6
1657.6
1656.6
1655.6
1654.6
1653.6
1652.6
1651.7
1650.7
1649.7
1648.7
1647.8
1646.8
1645.8
1644.9
1643.9
1643
1642.1
1641.1
1640.2
1639.3
1638.3
1637.4
1636.5
1635.6
1634.7
1633.8
1632.9
1632
1631.1
1630.2
1629.3
1628.5
1627.6
1626.7
1625.9
