10005
10005
10005
10005
10005
10005
10005
10005
10005
10005
10005
10005
10005
10005
10005
10005
10005
10005
10005
10005
10005
10005
10005
10005
10005
10005
10005
10005
10005
10005
10005
10005
10005
10005
10005
10005
10005
10005
10005
10005
10005
10005
10005
10005
10005
10005
10005
10005
10005
10005
10005
10005
10005
10005
10005
10005
10005
10005
10005
10005
10005
10005
10005
10005
10005
10005
10005
10005
10005
10005
10005
10005
10005
10005
10005
10005
10005
10005
10005
10005
10005
10005
10005
10005
10005
10005
10005
10005
10005
10005
10005
10005
10005
10005
10005
10005
10005
10005
10005
10005
10025
10045
10065
10085
10105
10125
10146
10166
10186
10206
10226
10246
10266
10286
10306
10326
10346
10366
10386
10406
10426
10446
10466
10486
10506
10526
10546
10566
10586
10606
10626
10646
10666
10686
10706
10726
10746
10766
10786
10806
10826
10846
10866
10886
10906
10926
10946
10966
10986
11006
11026
11046
11066
11086
11106
11126
11146
11166
11186
11206
11226
11246
11266
11286
11306
11326
11346
11366
11386
11406
11426
11446
11466
11486
11506
11526
11546
11566
11586
11606
11626
11646
11666
11686
11706
11726
11746
11766
11786
11806
11826
11846
11866
11886
11906
11926
11946
11966
11986
12006
12026
12025
12025
12025
12025
12025
12025
12025
12025
12025
12025
12025
12025
12025
12025
12025
12025
12025
12025
12025
12025
12025
12025
12025
12025
12025
12025
12025
12024
12024
12024
12024
12024
12024
12024
12024
12024
12024
12024
12024
12024
12024
12024
12024
12024
12024
12024
12024
12024
12024
12024
12024
12024
12024
12024
12024
12024
12024
12024
12024
12024
12024
12024
12024
12024
12024
12024
12024
12024
12024
12024
12024
12024
12024
12024
12024
12024
12024
12024
12024
12024
12024
12024
12024
12024
12024
12024
12024
12024
12024
12024
12024
12024
12024
12024
12024
12024
12024
12024
12024
