35326
35326
35326
35327
35327
35328
35328
35329
35329
35329
35330
35330
35330
35331
35331
35331
35332
35332
35332
35332
35333
35333
35333
35333
35334
35334
35334
35334
35335
35335
35335
35335
35335
35336
35336
35336
35336
35336
35336
35336
35337
35337
35337
35337
35337
35337
35337
35338
35338
35338
35338
35338
35338
35338
35338
35338
35338
35339
35339
35339
35339
35339
35339
35339
35339
35339
35339
35339
35339
35339
35339
35340
35340
35340
35340
35340
35340
35340
35340
35340
35340
35340
35340
35340
35340
35340
35340
35340
35340
35340
35340
35340
35340
35340
35340
35340
35340
35341
35341
36185
36994
37748
38452
39106
39713
40275
40793
41271
41709
42109
42472
42802
43099
43365
43601
43809
43991
44149
44283
44395
44487
44560
44615
44654
44678
44688
44686
44673
44649
44616
44575
44526
44471
44411
44345
44276
44204
44129
44052
43973
43893
43813
43733
43652
43573
43494
43416
43340
43265
43192
43121
43052
42985
42920
42858
42797
42739
42684
42630
42579
42530
42484
42440
42398
42358
42320
42284
42250
42218
42188
42159
42133
42108
42085
42063
42042
42023
42006
41989
41974
41960
41948
41936
41925
41916
41907
41899
41892
41886
41881
41876
41873
41869
41867
41865
41864
41863
41863
41863
41864
41169
40540
39984
39490
39051
38661
38312
38000
37722
37473
37251
37052
36874
36715
36574
36448
36336
36236
36148
36070
36002
35942
35890
35844
35805
35772
35744
35721
35702
35687
35676
35667
35662
35659
35659
35660
35664
35669
35676
35685
35694
35705
35716
35728
35741
35755
35770
35784
35800
35815
35831
35847
35863
35879
35896
35912
35929
35945
35962
35978
35994
36010
36026
36042
36058
36073
36088
36103
36118
36133
36147
36161
36175
36189
36202
36215
36228
36241
36253
36265
36277
36289
36301
36312
36323
36333
36344
36354
36364
36374
36383
36393
36402
36411
36419
36428
36436
36444
36452
36459
