14212
14212
14212
14212
14212
14212
14212
14212
14212
14212
14212
14212
14212
14212
14212
14212
14212
14212
14212
14212
14212
14212
14212
14212
14212
14212
14212
14212
14212
14212
14212
14212
14212
14212
14212
14212
14212
14212
14212
14212
14212
14212
14212
14212
14212
14212
14212
14212
14212
14212
14212
14212
14212
14212
14212
14212
14212
14212
14212
14212
14212
14212
14212
14212
14212
14212
14212
14212
14212
14212
14212
14212
14212
14212
14212
14212
14212
14212
14212
14212
14212
14212
14212
14212
14212
14212
14212
14212
14212
14212
14212
14212
14212
14212
14212
14212
14212
14212
14212
14353
14504
14646
14779
14905
15022
15132
15235
15331
15420
15503
15580
15652
15718
15778
15834
15886
15933
15976
16016
16051
16084
16113
16140
16164
16186
16205
16222
16238
16252
16265
16276
16287
16296
16304
16312
16320
16326
16333
16339
16345
16351
16357
16363
16369
16375
16381
16388
16395
16402
16409
16417
16425
16434
16442
16452
16461
16471
16482
16492
16503
16515
16527
16539
16551
16564
16577
16591
16604
16618
16633
16647
16662
16677
16692
16707
16723
16739
16754
16771
16787
16803
16820
16836
16853
16870
16887
16904
16921
16938
16955
16973
16990
17008
17025
17043
17061
17078
17096
17114
17132
17030
16923
16828
16744
16670
16603
16544
16491
16443
16401
16363
16328
16298
16270
16246
16223
16203
16186
16170
16155
16142
16131
16121
16112
16103
16096
16090
16084
16079
16075
16071
16068
16065
16063
16061
16059
16057
16056
16055
16055
16054
16054
16054
16054
16054
16054
16055
16055
16056
16056
16057
16058
16058
16059
16060
16061
16062
16062
16063
16064
16065
16066
16067
16068
16069
16069
16070
16071
16072
16073
16074
16075
16075
16076
16077
16078
16078
16079
16080
16081
16081
16082
16083
16083
16084
16084
16085
16085
16086
16087
16087
16088
16088
16088
16089
16089
16090
16090
16091
16091
